980
381
385
530
1325
436
494
445
1102
1233
480
956
1334
1017
881
1281
958
805
992
1160
1151
1201
1042
444
135
55
372
1443
1322
13
441
281
279
518
1160
1229
955
82
1364
1032
813
195
328
504
855
211
1381
1110
904
551
116
261
1364
1405
622
613
443
136
118
494
1188
1243
639
1002
843
1070
1219
212
1317
432
282
97
359
73
1090
819
510
911
515
478
1042
45
770
1062
508
983
99
709
1213
550
951
165
502
117
1453
799
416
584
869
942
503
1015
329
757
382
264
852
154
526
27
255
1259
452
886
922
1129
286
1049
379
698
1390
1103
686
943
827
1085
1198
1087
317
1031
976
461
563
214
1383
332
222
11
791
871
142
733
553
1030
380
704
915
1387
1110
1181
558
1286
1433
540
1159
436
562
438
1254
1026
1026
212
595
121
1177
841
658
54
520
1197
227
951
962
1332
937
1304
557
1405
907
443
758
39
1343
197
781
465
957
605
617
412
124
1184
1459
1299
716
740
1351
1346
422
393
115
49
1361
149
231
1296
623
196
944
750
738
931
359
1435
265
801
1387
1437
948
620
424
394
275
403
489
1286
345
1143
257
332
761
78
604
702
31
220
686
630
643
1367
148
344
1317
249
625
1273
363
1416
1180
1348
479
957
314
1205
689
807
405
527
1114
1215
808
1397
1449
1495
29
1026
1366
398
1485
662
1018
853
579
703
883
1223
59
1221
174
34
675
202
436
279
1415
250
13
1350
1492
448
83
1481
1347
1208
206
1178
806
767
614
910
470
358
1117
1446
1304
656
163
1137
1398
734
1156
1008
1012
113
1280
224
104
113
73
462
1479
377
1269
647
131
753
1133
739
520
194
1097
924
1371
958
820
948
1018
901
17
392
613
580
356
440
594
868
170
463
649
634
925
371
391
650
1217
10
1154
1025
1401
494
392
34
970
546
1187
1121
65
1089
1471
1365
160
610
1275
109
1194
323
534
974
414
494
923
1375
1077
1357
627
722
74
172
839
39
683
917
530
890
106
396
1012
895
938
1016
321
684
227
578
960
972
987
135
81
1026
1194
30
1295
258
1419
212
443
1312
206
128
1093
926
726
226
733
481
1296
392
1061
509
1377
624
22
240
1052
315
680
1292
651
552
1473
677
917
626
1465
1261
239
349
7
219
930
1376
325
81
327
159
1497
193
225
1329
1322
848
53
379
468
1227
424
1431
277
906
0
772
1101
1430
698
577
49
1294
627
652
1059
1077
170
151
224
584
1020
1015
1219
677
695
395
164
600
118
117
223
117
1254
568
587
75
413
622
157
216
82
642
1462
508
1440
805
670
1406
201
719
120
1462
1317
135
752
894
235
1110
1331
1363
851
1347
451
110
1049
447
1234
748
1223
1088
271
932
959
756
1345
202
723
1389
819
994
886
607
1392
0
1446
1401
1365
1244
256
974
1417
1275
695
1366
364
991
791
440
756
59
397
97
1309
63
522
85
1399
19
220
892
148
553
276
1376
333
1297
693
1403
1008
874
266
303
630
581
686
1225
1169
425
1158
685
899
921
614
1260
1056
372
1053
353
275
581
555
1162
48
1245
1452
970
631
900
263
47
1419
1370
201
1459
582
79
1496
29
1
156
930
81
420
362
151
45
670
1454
657
1093
1015
1308
361
466
673
378
586
30
1052
26
1379
210
932
451
272
801
687
379
608
537
36
1202
478
623
1088
574
509
596
123
762
623
346
1379
155
1174
722
431
657
971
79
1194
527
156
536
1216
347
1313
584
257
860
57
600
1236
13
533
1475
910
662
1266
806
108
507
1173
37
896
1055
224
966
1408
333
561
1057
71
576
1114
414
1289
735
1359
138
194
460
927
343
842
455
621
1211
1080
1112
309
190
1483
545
938
434
438
764
481
340
50
118
175
598
274
187
842
588
820
1282
805
1234
720
1046
403
620
350
475
862
1342
1070
438
1142
115
735
1177
734
267
874
80
1390
696
6
1381
543
772
355
1138
1475
1120
375
486
697
805
537
95
783
1495
176
883
82
827
651
99
305
951
877
6
1290
595
896
1161
731
225
1106
1379
470
24
1357
1122
53
1473
280
503
1083
434
82
357
563
1041
137
829
1187
286
1451
1094
122
130
1130
1154
506
719
1217
1483
139
413
192
1139
144
1068
83
429
365
305
387
440
287
1197
679
68
1363
900
999
1447
1
988
1205
820
744
572
576
930
819
969
988
629
652
1132
1058
607
181
562
716
909
745
48
185
708
813
1367
1105
114
1154
1335
1470
1163
479
458
539
1059
945
1023
1248
744
177
1237
991
42
998
777
504
882
56
675
133
210
792
170
270
953
1353
828
1128
1373
1082
271
300
905
1455
121
384
1434
847
328
1488
285
1308
1158
774
923
261
1372
924
1335
1389
356
844
1498
747
895
1467
1383
576
1443
336
37
1146
862
257
942
96
403
381
1281
1294
288
804
1155
1187
983
1217
65
1293
1256
438
351
1487
690
680
332
526
1429
707
414
1117
425
638
1026
45
857
1125
1307
879
1051
141
959
1481
965
325
994
893
1064
63
429
1001
372
940
53
829
232
1280
359
1474
540
776
589
204
18
968
986
266
1162
1374
698
321
527
1415
727
1341
409
158
1435
265
761
1261
1332
772
219
194
1303
1254
1131
1016
804
683
974
613
911
1044
708
759
305
672
792
1172
715
1229
1013
643
980
1009
305
684
1049
1011
1209
883
1348
285
1307
760
580
489
1063
233
566
1085
1200
585
942
674
891
163
893
303
198
1363
261
1491
1177
1089
1297
329
212
1069
1360
531
465
211
513
96
550
1304
1123
388
1222
320
316
865
877
872
112
880
576
400
541
618
1475
1419
443
1263
1281
1058
1082
967
1152
51
1461
895
117
1429
127
1491
786
1460
1456
1492
1001
239
911
384
470
513
1170
1308
1485
120
357
1245
797
379
699
202
783
167
419
1469
1137
829
299
618
218
305
315
837
1315
1129
24
1415
1466
472
996
660
278
279
371
1324
1445
780
1077
1058
1454
1115
1108
621
108
945
852
1095
211
510
660
282
410
282
1110
1301
860
1135
1020
184
6
1105
208
777
1124
1049
493
44
416
624
1081
61
485
1138
703
507
22
513
1295
1351
183
198
357
1300
356
589
801
499
10
674
295
28
191
147
81
793
520
668
915
976
524
553
264
987
295
1019
193
1306
1005
731
378
849
730
1209
887
132
474
1484
1270
1053
1411
888
664
438
1188
1107
662
658
316
675
477
992
377
529
1290
360
1251
1027
521
939
1240
1364
1277
636
505
11
1184
1155
475
1159
1039
1149
899
172
474
1490
966
242
1222
21
460
334
947
293
417
601
365
1248
1274
332
1388
1265
258
2
810
719
1310
937
1492
1236
848
508
1250
1433
319
537
1132
194
93
510
311
1405
458
707
1053
1074
1164
1407
1302
1314
1369
939
514
87
595
448
1067
813
1367
60
253
170
883
956
368
226
900
1322
437
199
571
896
417
1341
1158
935
1388
471
873
1107
920
1292
1193
52
1189
513
328
603
198
1417
50
988
1046
43
365
688
1311
766
943
638
1004
1167
757
622
546
831
703
620
527
464
1451
205
1229
842
1416
688
150
685
802
673
1045
1397
115
252
1388
886
528
717
1122
223
1326
196
661
579
1384
842
390
597
1128
1311
343
44
1452
925
238
72
1387
457
515
327
261
782
1477
644
228
1313
535
901
239
223
1323
964
991
1458
959
343
248
1027
952
133
8
41
621
1399
469
730
881
76
213
1007
1154
398
1469
915
1180
647
1327
975
288
686
364
1247
206
538
627
202
331
79
757
646
1227
440
738
1441
842
502
465
869
11
408
502
343
1373
580
836
502
564
970
901
587
1040
1108
955
