0
0
1
1
2
6
6
6
7
8
10
10
11
11
11
13
13
13
17
18
19
21
22
22
24
24
26
27
28
29
29
30
30
31
34
34
36
37
37
39
39
41
42
43
44
44
45
45
45
47
48
48
49
49
50
50
51
52
53
53
53
54
55
56
57
59
59
60
61
63
63
65
65
68
71
72
73
73
74
75
76
78
79
79
79
80
81
81
81
81
82
82
82
82
83
83
85
87
93
95
96
96
97
97
99
99
104
106
108
108
109
110
112
113
113
114
115
115
115
116
117
117
117
117
118
118
118
120
120
121
121
122
123
124
127
128
130
131
132
133
133
135
135
135
136
137
138
139
141
142
144
147
148
148
149
150
151
151
154
155
156
156
157
158
159
160
163
163
164
165
167
170
170
170
170
172
172
174
175
176
177
181
183
184
185
187
190
191
192
193
193
194
194
194
194
195
196
196
197
198
198
198
199
201
201
202
202
202
202
204
205
206
206
206
208
210
210
211
211
211
212
212
212
212
213
214
216
218
219
219
220
220
222
223
223
223
224
224
224
225
225
226
226
227
227
228
231
232
233
235
238
239
239
239
240
242
248
249
250
252
253
255
256
257
257
257
258
258
261
261
261
261
263
264
264
265
265
266
266
267
270
271
271
272
274
275
275
276
277
278
279
279
279
280
281
282
282
282
285
285
286
286
287
288
288
293
295
295
299
300
303
303
305
305
305
305
305
309
311
314
315
315
316
316
317
319
320
321
321
323
325
325
327
327
328
328
328
329
329
331
332
332
332
332
333
333
334
336
340
343
343
343
343
344
345
346
347
349
350
351
353
355
356
356
356
357
357
357
358
359
359
359
360
361
362
363
364
364
365
365
365
368
371
371
372
372
372
375
377
377
378
378
379
379
379
379
380
381
381
382
384
384
385
387
388
390
391
392
392
392
393
394
395
396
397
398
398
400
403
403
403
405
408
409
410
412
413
413
414
414
414
416
416
417
417
419
420
422
424
424
425
425
429
429
431
432
434
434
436
436
436
437
438
438
438
438
438
440
440
440
440
441
443
443
443
443
444
445
447
448
448
451
451
452
455
457
458
458
460
460
461
462
463
464
465
465
465
466
468
469
470
470
470
471
472
474
474
475
475
477
478
478
479
479
480
481
481
485
486
489
489
493
494
494
494
494
499
502
502
502
502
503
503
504
504
505
506
507
507
508
508
508
509
509
510
510
510
513
513
513
513
514
515
515
518
520
520
520
521
522
524
526
526
527
527
527
527
528
529
530
530
531
533
534
535
536
537
537
537
538
539
540
540
541
543
545
546
546
550
550
551
552
553
553
553
555
557
558
561
562
562
563
563
564
566
568
571
572
574
576
576
576
576
577
578
579
579
580
580
580
581
581
582
584
584
584
585
586
587
587
588
589
589
594
595
595
595
596
597
598
600
600
601
603
604
605
607
607
608
610
613
613
613
614
614
617
618
618
620
620
620
621
621
621
622
622
622
623
623
623
624
624
625
626
627
627
627
629
630
630
631
634
636
638
638
639
642
643
643
644
646
647
647
649
650
651
651
652
652
656
657
657
658
658
660
660
661
662
662
662
664
668
670
670
672
673
673
674
674
675
675
675
677
677
679
680
680
683
683
684
684
685
685
686
686
686
686
687
688
688
689
690
693
695
695
696
697
698
698
698
699
702
703
703
703
704
707
707
708
708
709
715
716
716
717
719
719
719
720
722
722
723
726
727
730
730
731
731
733
733
734
734
735
735
738
738
739
740
744
744
745
747
748
750
752
753
756
756
757
757
757
758
759
760
761
761
762
764
766
767
770
772
772
772
774
776
777
777
780
781
782
783
783
786
791
791
792
792
793
797
799
801
801
801
802
804
804
805
805
805
805
806
806
807
808
810
813
813
813
819
819
819
820
820
820
827
827
828
829
829
829
831
836
837
839
841
842
842
842
842
842
843
844
847
848
848
849
851
852
852
853
855
857
860
860
862
862
865
868
869
869
871
872
873
874
874
877
877
879
880
881
881
882
883
883
883
883
886
886
886
887
888
890
891
892
893
893
894
895
895
895
896
896
896
899
899
900
900
900
901
901
901
904
905
906
907
909
910
910
911
911
911
915
915
915
917
917
920
921
922
923
923
924
924
925
925
926
927
930
930
930
931
932
932
935
937
937
938
938
939
939
940
942
942
942
943
943
944
945
945
947
948
948
951
951
951
952
953
955
955
956
956
957
957
958
958
959
959
959
960
962
964
965
966
966
967
968
969
970
970
970
971
972
974
974
974
975
976
976
980
980
983
983
986
987
987
988
988
988
991
991
991
992
992
994
994
996
998
999
1001
1001
1002
1004
1005
1007
1008
1008
1009
1011
1012
1012
1013
1015
1015
1015
1016
1016
1017
1018
1018
1019
1020
1020
1023
1025
1026
1026
1026
1026
1026
1027
1027
1030
1031
1032
1039
1040
1041
1042
1042
1044
1045
1046
1046
1049
1049
1049
1049
1051
1052
1052
1053
1053
1053
1055
1056
1057
1058
1058
1058
1059
1059
1061
1062
1063
1064
1067
1068
1069
1070
1070
1074
1077
1077
1077
1080
1081
1082
1082
1083
1085
1085
1087
1088
1088
1089
1089
1090
1093
1093
1094
1095
1097
1101
1102
1103
1105
1105
1106
1107
1107
1108
1108
1110
1110
1110
1110
1112
1114
1114
1115
1117
1117
1120
1121
1122
1122
1123
1124
1125
1128
1128
1129
1129
1130
1131
1132
1132
1133
1135
1137
1137
1138
1138
1139
1142
1143
1146
1149
1151
1152
1154
1154
1154
1154
1155
1155
1156
1158
1158
1158
1159
1159
1160
1160
1161
1162
1162
1163
1164
1167
1169
1170
1172
1173
1174
1177
1177
1177
1178
1180
1180
1181
1184
1184
1187
1187
1187
1188
1188
1189
1193
1194
1194
1194
1197
1197
1198
1200
1201
1202
1205
1205
1208
1209
1209
1211
1213
1215
1216
1217
1217
1217
1219
1219
1221
1222
1222
1223
1223
1225
1227
1227
1229
1229
1229
1233
1234
1234
1236
1236
1237
1240
1243
1244
1245
1245
1247
1248
1248
1250
1251
1254
1254
1254
1256
1259
1260
1261
1261
1263
1265
1266
1269
1270
1273
1274
1275
1275
1277
1280
1280
1281
1281
1281
1282
1286
1286
1289
1290
1290
1292
1292
1293
1294
1294
1295
1295
1296
1296
1297
1297
1299
1300
1301
1302
1303
1304
1304
1304
1306
1307
1307
1308
1308
1308
1309
1310
1311
1311
1312
1313
1313
1314
1315
1317
1317
1317
1322
1322
1322
1323
1324
1325
1326
1327
1329
1331
1332
1332
1334
1335
1335
1341
1341
1342
1343
1345
1346
1347
1347
1348
1348
1350
1351
1351
1353
1357
1357
1359
1360
1361
1363
1363
1363
1364
1364
1364
1365
1365
1366
1366
1367
1367
1367
1369
1370
1371
1372
1373
1373
1374
1375
1376
1376
1377
1379
1379
1379
1381
1381
1383
1383
1384
1387
1387
1387
1388
1388
1388
1389
1389
1390
1390
1392
1397
1397
1398
1399
1399
1401
1401
1403
1405
1405
1405
1406
1407
1408
1411
1415
1415
1415
1416
1416
1417
1417
1419
1419
1419
1429
1429
1430
1431
1433
1433
1434
1435
1435
1437
1440
1441
1443
1443
1445
1446
1446
1447
1449
1451
1451
1452
1452
1453
1454
1454
1455
1456
1458
1459
1459
1460
1461
1462
1462
1465
1466
1467
1469
1469
1470
1471
1473
1473
1474
1475
1475
1475
1477
1479
1481
1481
1483
1483
1484
1485
1485
1487
1488
1490
1491
1491
1492
1492
1492
1495
1495
1496
1497
1498
