0
0
1
1
2
6
6
6
7
8
10
10
11
11
11
13
13
13
17
18
19
21
22
22
24
24
26
27
28
29
29
30
30
31
34
34
36
37
37
39
39
41
42
43
44
44
45
45
45
47
48
48
49
49
50
50
51
52
53
53
53
54
55
56
57
59
59
60
61
63
63
65
65
68
71
72
73
73
74
75
76
78
79
79
79
80
81
81
81
81
82
82
82
82
83
83
85
87
93
95
96
96
97
97
99
99
104
106
108
108
109
110
112
113
113
114
115
115
115
116
117
117
117
117
118
118
118
120
120
121
121
122
123
124
127
128
130
131
132
133
133
135
135
135
136
137
138
139
141
142
144
147
148
148
149
150
151
151
154
155
156
156
157
158
159
160
163
163
164
165
167
170
170
170
170
172
172
174
175
176
177
181
183
184
185
187
190
191
192
193
193
194
194
194
194
195
196
196
197
198
198
198
199
201
201
202
202
202
202
204
205
206
206
206
208
210
210
211
211
211
212
212
212
212
213
214
216
218
219
219
220
220
222
223
223
223
224
224
224
225
225
226
226
227
227
228
231
232
233
235
238
239
239
239
240
242
248
249
250
252
253
255
256
257
257
257
258
258
261
261
261
261
263
264
264
265
265
266
266
267
270
271
271
272
274
275
275
276
277
278
279
279
279
280
281
282
282
282
285
285
286
286
287
288
288
293
295
295
299
300
303
303
305
305
305
305
305
309
311
314
315
315
316
316
317
319
320
321
321
323
325
325
327
327
328
328
328
329
329
331
332
332
332
332
333
333
334
336
340
343
343
343
343
344
345
346
347
349
350
351
353
355
356
356
356
357
357
357
358
359
359
359
360
361
362
363
364
364
365
365
365
368
371
371
372
372
372
375
377
377
378
378
379
379
379
379
380
381
381
382
384
384
385
387
388
390
391
392
392
392
393
394
395
396
397
398
398
400
403
403
403
405
408
409
410
412
413
413
414
414
414
416
416
417
417
419
420
422
424
424
425
425
429
429
431
432
434
434
436
436
436
437
438
438
438
438
438
440
440
440
440
441
443
443
443
443
444
445
447
448
448
451
451
452
455
457
458
458
460
460
461
462
463
464
465
465
465
466
468
469
470
470
470
471
472
474
474
475
475
477
478
478
479
479
480
481
481
485
486
489
489
493
494
494
494
494
499
502
502
502
502
503
503
504
504
505
506
507
507
508
508
508
509
509
510
510
510
513
513
513
513
514
515
515
518
520
520
520
521
522
524
526
526
527
527
527
527
528
529
530
530
531
533
534
535
536
537
537
537
538
539
540
540
541
543
545
546
546
550
550
551
552
553
553
553
555
557
558
561
562
562
563
563
564
566
568
571
572
574
576
576
576
576
577
578
579
579
580
580
580
581
581
582
584
584
584
585
586
587
587
588
589
589
594
595
595
595
596
597
598
600
600
601
603
604
605
607
607
608
610
613
613
613
614
614
617
618
618
620
620
620
621
621
621
622
622
622
623
623
623
624
624
625
626
627
627
627
629
630
630
631
634
636
638
638
639
642
643
643
644
646
647
647
649
650
651
651
652
652
656
657
657
658
658
660
660
661
662
662
662
664
668
670
670
672
673
673
674
674
675
675
675
677
677
679
680
680
683
683
684
684
685
685
686
686
686
686
687
688
688
689
690
693
695
695
696
697
698
698
698
699
702
703
703
703
704
707
707
708
708
709
715
716
716
717
719
719
719
720
722
722
723
726
727
730
730
731
731
733
733
734
734
735
735
738
738
739
740
744
744
745
747
748
750
752
753
756
756
757
757
757
758
759
760
761
761
762
764
766
767
770
772
772
772
774
776
777
777
780
